[[0, 0.01],
 {2: {'max_same': array([[1, 1, 1, 1, 1, 1, 1, 1, 1]]),
      'no_max_same': 9,
      'parameters_of_max': [[0, 1, 0, 1],
                            [0, 1, 0, 2],
                            [0, 1, 1, 1],
                            [0, 1, 1, 2],
                            [0, 1, 2, 2],
                            [0, 1, 3, 2],
                            [0, 1, 4, 2],
                            [0, 1, 5, 2],
                            [0, 2, 0, 1],
                            [0, 2, 0, 2],
                            [0, 2, 1, 1],
                            [0, 2, 1, 2],
                            [0, 2, 2, 1],
                            [0, 2, 2, 2],
                            [0, 2, 3, 1],
                            [0, 2, 3, 2],
                            [0, 2, 4, 1],
                            [0, 2, 4, 2],
                            [0, 2, 5, 2],
                            [1, 1, 3, 1],
                            [1, 1, 4, 1],
                            [1, 1, 5, 1],
                            [1, 1, 5, 2],
                            [1, 2, 2, 1],
                            [1, 2, 2, 2],
                            [1, 2, 3, 1],
                            [1, 2, 3, 2],
                            [1, 2, 4, 1],
                            [1, 2, 4, 2],
                            [1, 2, 5, 1],
                            [1, 2, 5, 2],
                            [1, 3, 2, 2],
                            [1, 3, 3, 2],
                            [1, 3, 4, 2],
                            [2, 3, 2, 2],
                            [2, 3, 3, 2],
                            [2, 3, 4, 2]]}},
 [0, 0.05],
 {2: {'max_same': array([[1, 1, 1, 1, 1, 1, 1, 1, 1]]),
      'no_max_same': 9,
      'parameters_of_max': [[0, 2, 0, 2],
                            [0, 2, 1, 2],
                            [1, 2, 1, 1],
                            [1, 2, 1, 2],
                            [1, 2, 2, 1],
                            [1, 2, 2, 2],
                            [1, 2, 3, 2],
                            [1, 2, 4, 2],
                            [1, 3, 2, 2],
                            [1, 3, 3, 2],
                            [1, 3, 4, 2],
                            [1, 3, 5, 2],
                            [2, 3, 1, 2],
                            [2, 3, 2, 2],
                            [2, 3, 3, 2],
                            [2, 3, 4, 2]]}},
 [0, 0.1],
 {2: {'max_same': array([[1, 1, 1, 1, 1, 1, 1, 1, 1]]),
      'no_max_same': 9,
      'parameters_of_max': [[1, 2, 1, 2],
                            [1, 2, 2, 2],
                            [1, 2, 3, 2],
                            [1, 3, 2, 2],
                            [1, 3, 3, 2],
                            [1, 3, 4, 2],
                            [1, 3, 5, 2],
                            [2, 3, 1, 2],
                            [2, 3, 2, 2],
                            [2, 3, 3, 2]]}},
 [0, 0.3],
 {2: {'max_same': array([[1, 1, 1, 0, 1, 1, 1, 1, 1]]),
      'no_max_same': 8,
      'parameters_of_max': [[2, 3, 0, 2], [2, 3, 2, 2], [2, 3, 3, 2]]}},
 [0, 0.5],
 {2: {'max_same': array([[1, 1, 0, 0, 1, 1, 1, 1, 1],
       [1, 1, 1, 0, 1, 1, 1, 1, 0]]),
      'no_max_same': 7,
      'parameters_of_max': [[0, 0, 0, 2],
                            [0, 0, 1, 2],
                            [0, 0, 2, 2],
                            [0, 0, 3, 2],
                            [0, 0, 5, 2],
                            [1, 0, 1, 2],
                            [1, 0, 2, 2],
                            [1, 0, 3, 2],
                            [1, 0, 4, 2],
                            [1, 0, 5, 2],
                            [1, 1, 0, 1],
                            [1, 1, 0, 2],
                            [1, 1, 1, 1],
                            [1, 1, 1, 2],
                            [1, 1, 2, 1],
                            [1, 1, 2, 2],
                            [1, 1, 3, 1],
                            [1, 1, 3, 2],
                            [1, 1, 4, 1],
                            [1, 1, 4, 2],
                            [1, 1, 5, 1],
                            [1, 1, 5, 2],
                            [1, 2, 0, 1],
                            [1, 2, 0, 2],
                            [1, 2, 1, 2],
                            [1, 2, 2, 2],
                            [1, 2, 3, 1],
                            [1, 2, 3, 2],
                            [1, 2, 4, 2],
                            [1, 3, 0, 2],
                            [2, 0, 1, 2],
                            [2, 0, 2, 2],
                            [2, 1, 0, 1],
                            [2, 1, 1, 1],
                            [2, 1, 1, 2],
                            [2, 1, 2, 1],
                            [2, 1, 3, 1],
                            [2, 1, 4, 1],
                            [2, 1, 5, 1],
                            [2, 2, 0, 1],
                            [2, 2, 0, 2],
                            [2, 2, 1, 2]]}},
 [0.2, 0.01],
 {2: {'max_same': array([[1, 1, 0, 0, 1, 1, 1, 1, 1]]),
      'no_max_same': 7,
      'parameters_of_max': [[1, 1, 0, 1],
                            [1, 1, 0, 2],
                            [1, 1, 1, 2],
                            [1, 1, 2, 1],
                            [1, 1, 2, 2],
                            [1, 1, 3, 2],
                            [1, 1, 4, 2],
                            [1, 1, 5, 2],
                            [1, 2, 0, 2],
                            [1, 2, 1, 2],
                            [1, 2, 2, 2],
                            [2, 1, 0, 1],
                            [2, 1, 1, 1],
                            [2, 1, 1, 2],
                            [2, 1, 2, 2],
                            [2, 1, 5, 2],
                            [2, 2, 0, 2],
                            [2, 2, 1, 2],
                            [2, 2, 2, 2],
                            [2, 2, 3, 2],
                            [2, 2, 4, 2],
                            [2, 3, 1, 2]]}},
 [0.2, 0.05],
 {2: {'max_same': array([[1, 1, 0, 0, 1, 1, 1, 1, 1]]),
      'no_max_same': 7,
      'parameters_of_max': [[0, 0, 5, 1],
                            [1, 1, 0, 2],
                            [1, 1, 1, 2],
                            [1, 1, 2, 2],
                            [1, 1, 3, 2],
                            [1, 2, 0, 2],
                            [1, 2, 1, 2],
                            [2, 1, 0, 1],
                            [2, 1, 0, 2],
                            [2, 1, 1, 1],
                            [2, 1, 1, 2],
                            [2, 1, 2, 2],
                            [2, 2, 0, 1],
                            [2, 2, 0, 2],
                            [2, 2, 1, 1],
                            [2, 2, 1, 2],
                            [2, 2, 2, 2],
                            [2, 2, 3, 2],
                            [2, 2, 5, 2],
                            [2, 3, 1, 2]]}},
 [0.2, 0.1],
 {2: {'max_same': array([[1, 1, 0, 0, 1, 1, 1, 1, 1]]),
      'no_max_same': 7,
      'parameters_of_max': [[1, 0, 0, 2],
                            [1, 1, 0, 1],
                            [1, 1, 0, 2],
                            [1, 1, 1, 2],
                            [1, 1, 2, 2],
                            [1, 1, 3, 2],
                            [1, 1, 4, 2],
                            [1, 2, 0, 2],
                            [1, 2, 1, 2],
                            [1, 2, 2, 2],
                            [2, 1, 0, 2],
                            [2, 1, 2, 2],
                            [2, 2, 0, 2],
                            [2, 2, 1, 2],
                            [2, 2, 2, 2],
                            [2, 2, 3, 2],
                            [2, 3, 0, 2]]}},
 [0.2, 0.3],
 {2: {'max_same': array([[1, 1, 0, 0, 1, 1, 1, 1, 1]]),
      'no_max_same': 7,
      'parameters_of_max': [[1, 0, 0, 1],
                            [1, 0, 0, 2],
                            [1, 0, 5, 2],
                            [1, 1, 0, 1],
                            [1, 1, 0, 2],
                            [1, 1, 1, 2],
                            [1, 1, 2, 2],
                            [1, 1, 3, 2],
                            [1, 1, 4, 2],
                            [1, 1, 5, 2],
                            [1, 2, 0, 2],
                            [2, 0, 2, 2],
                            [2, 1, 0, 1],
                            [2, 1, 0, 2],
                            [2, 1, 1, 1],
                            [2, 1, 1, 2],
                            [2, 1, 2, 2],
                            [2, 2, 0, 2],
                            [2, 2, 1, 2],
                            [2, 2, 2, 2],
                            [2, 2, 3, 2],
                            [2, 3, 0, 2]]}},
 [0.2, 0.5],
 {2: {'max_same': array([[1, 1, 0, 0, 1, 1, 1, 1, 1]]),
      'no_max_same': 7,
      'parameters_of_max': [[0, 0, 1, 1],
                            [1, 1, 0, 1],
                            [1, 1, 0, 2],
                            [1, 1, 1, 2],
                            [1, 1, 2, 2],
                            [1, 1, 3, 2],
                            [1, 1, 4, 2],
                            [1, 1, 5, 2],
                            [1, 2, 0, 2],
                            [2, 1, 0, 2],
                            [2, 1, 3, 2],
                            [2, 2, 0, 1],
                            [2, 2, 0, 2],
                            [2, 2, 1, 1],
                            [2, 2, 1, 2],
                            [2, 2, 2, 2],
                            [2, 3, 1, 2]]}},
 [0.4, 0.01],
 {2: {'max_same': array([[1, 1, 0, 0, 1, 1, 1, 1, 1]]),
      'no_max_same': 7,
      'parameters_of_max': [[1, 0, 0, 1],
                            [1, 0, 1, 1],
                            [1, 0, 1, 2],
                            [1, 0, 2, 1],
                            [1, 0, 2, 2],
                            [1, 0, 3, 2],
                            [1, 1, 0, 2],
                            [1, 1, 1, 2],
                            [1, 1, 2, 2],
                            [1, 1, 3, 2],
                            [1, 1, 5, 2],
                            [1, 2, 0, 2],
                            [1, 2, 1, 2],
                            [2, 0, 1, 1],
                            [2, 0, 3, 2],
                            [2, 1, 1, 2],
                            [2, 1, 2, 2],
                            [2, 1, 3, 1],
                            [2, 1, 3, 2],
                            [2, 1, 4, 2],
                            [2, 1, 5, 1],
                            [2, 1, 5, 2],
                            [2, 2, 0, 2],
                            [2, 2, 1, 2],
                            [2, 2, 2, 2],
                            [2, 2, 3, 2],
                            [2, 2, 4, 2],
                            [2, 2, 5, 1],
                            [2, 2, 5, 2]]}},
 [0.4, 0.05],
 {2: {'max_same': array([[1, 1, 0, 0, 1, 1, 1, 1, 1]]),
      'no_max_same': 7,
      'parameters_of_max': [[1, 0, 0, 1],
                            [1, 0, 3, 1],
                            [1, 0, 5, 1],
                            [1, 0, 5, 2],
                            [1, 1, 0, 2],
                            [1, 1, 1, 2],
                            [1, 1, 2, 2],
                            [1, 1, 3, 2],
                            [1, 1, 4, 1],
                            [1, 1, 4, 2],
                            [1, 2, 0, 2],
                            [1, 2, 1, 2],
                            [2, 0, 2, 2],
                            [2, 1, 1, 1],
                            [2, 1, 1, 2],
                            [2, 1, 2, 2],
                            [2, 1, 3, 2],
                            [2, 1, 4, 2],
                            [2, 1, 5, 1],
                            [2, 1, 5, 2],
                            [2, 2, 0, 2],
                            [2, 2, 1, 2],
                            [2, 2, 2, 2],
                            [2, 2, 3, 2],
                            [2, 2, 4, 2],
                            [2, 2, 5, 1],
                            [2, 2, 5, 2]]}},
 [0.4, 0.1],
 {2: {'max_same': array([[1, 1, 0, 0, 1, 1, 1, 1, 1]]),
      'no_max_same': 7,
      'parameters_of_max': [[1, 0, 0, 1],
                            [1, 0, 2, 1],
                            [1, 0, 2, 2],
                            [1, 0, 3, 1],
                            [1, 0, 3, 2],
                            [1, 0, 4, 2],
                            [1, 1, 0, 2],
                            [1, 1, 1, 2],
                            [1, 1, 2, 2],
                            [1, 1, 3, 2],
                            [1, 1, 4, 1],
                            [1, 1, 4, 2],
                            [1, 2, 0, 2],
                            [1, 2, 1, 2],
                            [2, 0, 1, 1],
                            [2, 0, 2, 2],
                            [2, 0, 5, 2],
                            [2, 1, 1, 1],
                            [2, 1, 1, 2],
                            [2, 1, 2, 1],
                            [2, 1, 2, 2],
                            [2, 1, 3, 1],
                            [2, 1, 3, 2],
                            [2, 1, 4, 2],
                            [2, 1, 5, 1],
                            [2, 1, 5, 2],
                            [2, 2, 0, 2],
                            [2, 2, 1, 2],
                            [2, 2, 2, 2],
                            [2, 2, 3, 1],
                            [2, 2, 3, 2],
                            [2, 2, 5, 1],
                            [2, 3, 0, 2]]}},
 [0.4, 0.3],
 {2: {'max_same': array([[1, 1, 0, 0, 1, 1, 1, 1, 1]]),
      'no_max_same': 7,
      'parameters_of_max': [[1, 0, 0, 1],
                            [1, 0, 1, 1],
                            [1, 0, 1, 2],
                            [1, 0, 4, 2],
                            [1, 0, 5, 1],
                            [1, 0, 5, 2],
                            [1, 1, 0, 1],
                            [1, 1, 0, 2],
                            [1, 1, 1, 2],
                            [1, 1, 2, 2],
                            [1, 1, 3, 2],
                            [1, 2, 0, 2],
                            [1, 2, 1, 2],
                            [2, 0, 1, 2],
                            [2, 1, 0, 1],
                            [2, 1, 1, 1],
                            [2, 1, 1, 2],
                            [2, 1, 2, 1],
                            [2, 1, 2, 2],
                            [2, 1, 3, 1],
                            [2, 1, 3, 2],
                            [2, 1, 4, 2],
                            [2, 1, 5, 2],
                            [2, 2, 0, 1],
                            [2, 2, 0, 2],
                            [2, 2, 1, 2],
                            [2, 2, 2, 2],
                            [2, 2, 3, 2],
                            [2, 3, 0, 2],
                            [2, 3, 1, 2]]}},
 [0.4, 0.5],
 {2: {'max_same': array([[1, 1, 0, 0, 1, 1, 1, 1, 1]]),
      'no_max_same': 7,
      'parameters_of_max': [[1, 0, 0, 2],
                            [1, 0, 3, 2],
                            [1, 0, 5, 2],
                            [1, 1, 0, 2],
                            [1, 1, 1, 1],
                            [1, 1, 1, 2],
                            [1, 1, 2, 2],
                            [1, 2, 0, 2],
                            [1, 2, 1, 2],
                            [2, 0, 1, 1],
                            [2, 1, 0, 1],
                            [2, 1, 0, 2],
                            [2, 1, 1, 1],
                            [2, 1, 1, 2],
                            [2, 1, 2, 1],
                            [2, 1, 2, 2],
                            [2, 1, 3, 1],
                            [2, 1, 3, 2],
                            [2, 1, 4, 2],
                            [2, 1, 5, 2],
                            [2, 2, 0, 1],
                            [2, 2, 0, 2],
                            [2, 2, 1, 1],
                            [2, 2, 1, 2],
                            [2, 2, 2, 2],
                            [2, 2, 5, 2],
                            [2, 3, 0, 2]]}},
 [0.5, 0.01],
 {2: {'max_same': array([[1, 1, 0, 0, 1, 1, 1, 1, 1]]),
      'no_max_same': 7,
      'parameters_of_max': [[1, 0, 1, 1],
                            [1, 0, 1, 2],
                            [1, 0, 2, 2],
                            [1, 0, 3, 2],
                            [1, 0, 4, 1],
                            [1, 0, 5, 2],
                            [1, 1, 0, 2],
                            [1, 1, 1, 2],
                            [1, 1, 2, 2],
                            [1, 2, 0, 2],
                            [2, 0, 1, 1],
                            [2, 0, 2, 2],
                            [2, 0, 3, 1],
                            [2, 0, 3, 2],
                            [2, 1, 0, 1],
                            [2, 1, 1, 2],
                            [2, 1, 2, 2],
                            [2, 1, 3, 1],
                            [2, 1, 3, 2],
                            [2, 1, 4, 1],
                            [2, 1, 4, 2],
                            [2, 1, 5, 1],
                            [2, 1, 5, 2],
                            [2, 2, 0, 2],
                            [2, 2, 1, 2],
                            [2, 2, 2, 2],
                            [2, 2, 3, 2],
                            [2, 2, 4, 2],
                            [2, 3, 0, 2]]}},
 [0.5, 0.05],
 {2: {'max_same': array([[1, 1, 0, 0, 1, 1, 1, 1, 1]]),
      'no_max_same': 7,
      'parameters_of_max': [[1, 0, 1, 1],
                            [1, 0, 1, 2],
                            [1, 0, 3, 2],
                            [1, 0, 4, 2],
                            [1, 0, 5, 1],
                            [1, 0, 5, 2],
                            [1, 1, 0, 2],
                            [1, 1, 1, 2],
                            [1, 1, 2, 2],
                            [1, 1, 3, 2],
                            [1, 2, 0, 2],
                            [2, 0, 1, 1],
                            [2, 0, 2, 1],
                            [2, 0, 2, 2],
                            [2, 0, 3, 1],
                            [2, 0, 3, 2],
                            [2, 0, 4, 2],
                            [2, 0, 5, 2],
                            [2, 1, 0, 1],
                            [2, 1, 1, 2],
                            [2, 1, 2, 2],
                            [2, 1, 3, 2],
                            [2, 1, 4, 1],
                            [2, 1, 4, 2],
                            [2, 1, 5, 1],
                            [2, 1, 5, 2],
                            [2, 2, 0, 2],
                            [2, 2, 1, 2],
                            [2, 2, 2, 2],
                            [2, 2, 3, 2],
                            [2, 2, 4, 2]]}},
 [0.5, 0.1],
 {2: {'max_same': array([[1, 1, 0, 0, 1, 1, 1, 1, 1]]),
      'no_max_same': 7,
      'parameters_of_max': [[1, 0, 0, 1],
                            [1, 0, 2, 2],
                            [1, 0, 3, 2],
                            [1, 0, 4, 1],
                            [1, 0, 5, 2],
                            [1, 1, 0, 2],
                            [1, 1, 1, 2],
                            [1, 1, 2, 2],
                            [1, 1, 3, 2],
                            [1, 2, 0, 2],
                            [1, 2, 1, 2],
                            [2, 0, 2, 1],
                            [2, 0, 2, 2],
                            [2, 0, 3, 2],
                            [2, 0, 5, 2],
                            [2, 1, 1, 2],
                            [2, 1, 2, 2],
                            [2, 1, 3, 1],
                            [2, 1, 3, 2],
                            [2, 1, 4, 2],
                            [2, 1, 5, 1],
                            [2, 2, 0, 2],
                            [2, 2, 1, 2],
                            [2, 2, 2, 2],
                            [2, 2, 4, 2],
                            [2, 2, 5, 2],
                            [2, 3, 0, 2]]}},
 [0.5, 0.3],
 {2: {'max_same': array([[1, 1, 0, 0, 1, 1, 1, 1, 1]]),
      'no_max_same': 7,
      'parameters_of_max': [[1, 0, 2, 1],
                            [1, 0, 2, 2],
                            [1, 0, 3, 2],
                            [1, 0, 4, 2],
                            [1, 1, 0, 1],
                            [1, 1, 0, 2],
                            [1, 1, 1, 2],
                            [1, 1, 2, 1],
                            [1, 1, 2, 2],
                            [1, 1, 3, 2],
                            [1, 2, 0, 2],
                            [1, 2, 1, 2],
                            [2, 0, 1, 1],
                            [2, 0, 1, 2],
                            [2, 0, 2, 2],
                            [2, 0, 3, 1],
                            [2, 0, 4, 2],
                            [2, 0, 5, 1],
                            [2, 1, 0, 1],
                            [2, 1, 1, 1],
                            [2, 1, 1, 2],
                            [2, 1, 2, 1],
                            [2, 1, 2, 2],
                            [2, 1, 3, 1],
                            [2, 1, 3, 2],
                            [2, 1, 4, 1],
                            [2, 1, 4, 2],
                            [2, 1, 5, 1],
                            [2, 1, 5, 2],
                            [2, 2, 0, 2],
                            [2, 2, 1, 2],
                            [2, 2, 2, 2],
                            [2, 2, 4, 2]]}},
 [0.5, 0.5],
 {2: {'max_same': array([[1, 1, 0, 0, 1, 1, 1, 1, 1]]),
      'no_max_same': 7,
      'parameters_of_max': [[1, 0, 0, 2],
                            [1, 0, 1, 1],
                            [1, 0, 2, 1],
                            [1, 0, 5, 2],
                            [1, 1, 0, 2],
                            [1, 1, 1, 1],
                            [1, 1, 1, 2],
                            [1, 1, 2, 1],
                            [1, 1, 2, 2],
                            [1, 2, 0, 2],
                            [2, 0, 1, 1],
                            [2, 0, 2, 2],
                            [2, 1, 0, 2],
                            [2, 1, 1, 1],
                            [2, 1, 1, 2],
                            [2, 1, 2, 2],
                            [2, 1, 3, 1],
                            [2, 1, 3, 2],
                            [2, 1, 4, 1],
                            [2, 1, 4, 2],
                            [2, 1, 5, 1],
                            [2, 1, 5, 2],
                            [2, 2, 0, 2],
                            [2, 2, 1, 1],
                            [2, 2, 1, 2],
                            [2, 2, 2, 1],
                            [2, 2, 2, 2],
                            [2, 2, 3, 2],
                            [2, 2, 4, 2],
                            [2, 2, 5, 1],
                            [2, 2, 5, 2],
                            [2, 3, 0, 2]]}},
 [0.7, 0.01],
 {2: {'max_same': array([[1, 1, 0, 0, 1, 1, 1, 1, 1]]),
      'no_max_same': 7,
      'parameters_of_max': [[1, 0, 1, 2],
                            [1, 0, 2, 2],
                            [1, 0, 3, 2],
                            [1, 0, 4, 2],
                            [1, 0, 5, 2],
                            [1, 1, 0, 2],
                            [1, 1, 1, 2],
                            [1, 1, 2, 2],
                            [1, 2, 0, 2],
                            [2, 0, 1, 1],
                            [2, 0, 1, 2],
                            [2, 0, 2, 2],
                            [2, 0, 3, 2],
                            [2, 0, 4, 1],
                            [2, 0, 4, 2],
                            [2, 0, 5, 2],
                            [2, 1, 1, 2],
                            [2, 1, 2, 2],
                            [2, 1, 3, 2],
                            [2, 1, 4, 2],
                            [2, 2, 0, 2],
                            [2, 2, 1, 2],
                            [2, 2, 2, 2],
                            [2, 3, 0, 2]]}},
 [0.7, 0.05],
 {2: {'max_same': array([[1, 1, 0, 0, 1, 1, 1, 1, 1]]),
      'no_max_same': 7,
      'parameters_of_max': [[1, 0, 2, 2],
                            [1, 0, 3, 2],
                            [1, 0, 4, 2],
                            [1, 0, 5, 2],
                            [1, 1, 0, 2],
                            [1, 1, 1, 2],
                            [1, 1, 2, 2],
                            [1, 2, 0, 2],
                            [1, 2, 1, 2],
                            [2, 0, 2, 2],
                            [2, 0, 3, 2],
                            [2, 0, 4, 2],
                            [2, 0, 5, 2],
                            [2, 1, 1, 2],
                            [2, 1, 2, 2],
                            [2, 1, 3, 2],
                            [2, 1, 4, 1],
                            [2, 1, 4, 2],
                            [2, 1, 5, 2],
                            [2, 2, 0, 2],
                            [2, 2, 1, 2],
                            [2, 2, 2, 2],
                            [2, 2, 3, 2]]}},
 [0.7, 0.1],
 {2: {'max_same': array([[1, 1, 0, 0, 1, 1, 1, 1, 1]]),
      'no_max_same': 7,
      'parameters_of_max': [[1, 0, 1, 2],
                            [1, 0, 2, 2],
                            [1, 0, 3, 2],
                            [1, 0, 4, 2],
                            [1, 0, 5, 1],
                            [1, 1, 0, 2],
                            [1, 1, 1, 2],
                            [1, 1, 2, 2],
                            [1, 1, 3, 2],
                            [1, 2, 0, 2],
                            [2, 0, 1, 2],
                            [2, 0, 2, 1],
                            [2, 0, 2, 2],
                            [2, 0, 3, 2],
                            [2, 0, 4, 1],
                            [2, 0, 4, 2],
                            [2, 0, 5, 2],
                            [2, 1, 1, 1],
                            [2, 1, 1, 2],
                            [2, 1, 2, 2],
                            [2, 1, 3, 2],
                            [2, 1, 4, 2],
                            [2, 1, 5, 1],
                            [2, 1, 5, 2],
                            [2, 2, 0, 2],
                            [2, 2, 1, 2],
                            [2, 2, 2, 2],
                            [2, 2, 3, 2]]}},
 [0.7, 0.3],
 {2: {'max_same': array([[1, 1, 0, 0, 1, 1, 1, 1, 1],
       [1, 1, 1, 0, 0, 1, 1, 1, 1]]),
      'no_max_same': 7,
      'parameters_of_max': [[1, 0, 1, 2],
                            [1, 0, 2, 2],
                            [1, 0, 3, 2],
                            [1, 1, 0, 2],
                            [1, 1, 1, 2],
                            [1, 1, 2, 2],
                            [1, 2, 0, 2],
                            [1, 4, 0, 2],
                            [2, 0, 1, 1],
                            [2, 0, 1, 2],
                            [2, 0, 2, 1],
                            [2, 0, 2, 2],
                            [2, 0, 3, 1],
                            [2, 0, 3, 2],
                            [2, 0, 4, 1],
                            [2, 0, 4, 2],
                            [2, 0, 5, 1],
                            [2, 0, 5, 2],
                            [2, 1, 1, 1],
                            [2, 1, 1, 2],
                            [2, 1, 2, 2],
                            [2, 1, 3, 2],
                            [2, 1, 4, 1],
                            [2, 1, 4, 2],
                            [2, 2, 0, 2],
                            [2, 2, 1, 2]]}},
 [0.7, 0.5],
 {2: {'max_same': array([[1, 1, 0, 0, 1, 1, 1, 1, 1]]),
      'no_max_same': 7,
      'parameters_of_max': [[1, 0, 1, 1],
                            [1, 0, 1, 2],
                            [1, 0, 2, 2],
                            [1, 0, 3, 2],
                            [1, 0, 4, 2],
                            [1, 0, 5, 1],
                            [1, 0, 5, 2],
                            [1, 1, 0, 2],
                            [1, 1, 1, 2],
                            [1, 1, 2, 2],
                            [2, 0, 1, 1],
                            [2, 0, 1, 2],
                            [2, 0, 2, 2],
                            [2, 0, 3, 1],
                            [2, 0, 3, 2],
                            [2, 0, 5, 2],
                            [2, 1, 0, 1],
                            [2, 1, 1, 2],
                            [2, 1, 2, 2],
                            [2, 1, 3, 2],
                            [2, 1, 4, 2],
                            [2, 2, 0, 2],
                            [2, 2, 1, 2],
                            [2, 2, 2, 2]]}},
 [0.9, 0.01],
 {2: {'max_same': array([[1, 0, 0, 1, 1, 1, 1, 1, 1],
       [1, 1, 0, 0, 1, 1, 1, 1, 1],
       [1, 1, 1, 0, 0, 1, 1, 1, 1],
       [1, 1, 1, 1, 0, 1, 0, 1, 1]]),
      'no_max_same': 7,
      'parameters_of_max': [[1, 0, 0, 2],
                            [1, 0, 1, 1],
                            [1, 0, 1, 2],
                            [1, 0, 2, 2],
                            [1, 0, 3, 2],
                            [1, 1, 1, 2],
                            [1, 1, 2, 2],
                            [1, 2, 0, 2],
                            [1, 3, 0, 2],
                            [1, 3, 1, 2],
                            [1, 3, 2, 2],
                            [1, 4, 1, 2],
                            [2, 0, 1, 1],
                            [2, 0, 2, 2],
                            [2, 0, 3, 2],
                            [2, 0, 4, 2],
                            [2, 1, 1, 2],
                            [2, 1, 2, 2],
                            [2, 1, 3, 2],
                            [2, 1, 4, 2],
                            [2, 2, 0, 2],
                            [2, 2, 1, 2],
                            [2, 2, 2, 2],
                            [2, 3, 0, 2],
                            [2, 3, 1, 2],
                            [2, 3, 2, 2],
                            [2, 4, 0, 2],
                            [2, 4, 1, 2],
                            [2, 4, 2, 2]]}},
 [0.9, 0.05],
 {2: {'max_same': array([[1, 1, 1, 0, 1, 1, 1, 1, 1]]),
      'no_max_same': 8,
      'parameters_of_max': [[2, 3, 0, 2]]}},
 [0.9, 0.1],
 {2: {'max_same': array([[1, 1, 1, 1, 0, 1, 1, 1, 1]]),
      'no_max_same': 8,
      'parameters_of_max': [[2, 4, 1, 2]]}},
 [0.9, 0.3],
 {2: {'max_same': array([[1, 1, 0, 0, 1, 1, 1, 1, 1],
       [1, 1, 1, 0, 0, 1, 1, 1, 1],
       [1, 1, 1, 1, 0, 1, 0, 1, 1]]),
      'no_max_same': 7,
      'parameters_of_max': [[1, 0, 1, 1],
                            [1, 0, 1, 2],
                            [1, 0, 2, 2],
                            [1, 0, 3, 2],
                            [1, 1, 0, 2],
                            [1, 1, 1, 2],
                            [1, 2, 0, 2],
                            [1, 3, 0, 2],
                            [2, 0, 1, 2],
                            [2, 0, 2, 2],
                            [2, 0, 3, 2],
                            [2, 0, 4, 2],
                            [2, 0, 5, 2],
                            [2, 1, 1, 2],
                            [2, 1, 2, 2],
                            [2, 1, 3, 2],
                            [2, 1, 4, 2],
                            [2, 2, 0, 2],
                            [2, 2, 1, 2],
                            [2, 2, 2, 2],
                            [2, 4, 0, 2]]}},
 [0.9, 0.5],
 {2: {'max_same': array([[1, 1, 0, 0, 1, 1, 1, 1, 1],
       [1, 1, 1, 0, 0, 1, 1, 1, 1]]),
      'no_max_same': 7,
      'parameters_of_max': [[1, 0, 1, 2],
                            [1, 0, 2, 2],
                            [1, 0, 3, 2],
                            [1, 1, 0, 2],
                            [1, 1, 1, 2],
                            [1, 1, 2, 2],
                            [1, 2, 0, 2],
                            [2, 0, 1, 2],
                            [2, 0, 2, 2],
                            [2, 0, 3, 2],
                            [2, 0, 4, 1],
                            [2, 0, 4, 2],
                            [2, 0, 5, 2],
                            [2, 1, 1, 1],
                            [2, 1, 1, 2],
                            [2, 1, 2, 1],
                            [2, 1, 2, 2],
                            [2, 1, 3, 2],
                            [2, 1, 4, 1],
                            [2, 2, 0, 2],
                            [2, 2, 1, 2],
                            [2, 2, 2, 2],
                            [2, 2, 3, 2],
                            [2, 4, 0, 2]]}}]